0.000210135337 4.64477916e-09 0.00324183625 0.0164379022 2.24389701e-09 1.16134839e-06 5.65634799e-08 5.44291749e-09 0.980040017 6.88791851e-05  
0.000736688493 7.93176944e-08 0.0167648683 0.921179857 7.14061774e-09 1.0838958e-06 7.34350945e-10 1.31237856e-07 0.0613016739 1.56099085e-05  
1.93207271e-07 7.79310387e-10 5.68405248e-05 0.088991251 1.589135e-10 2.08418287e-07 5.10009311e-10 6.17265001e-09 0.910950044 1.4551493e-06  
2.25852536e-06 1.39937492e-08 0.00014604899 0.979558984 1.09203805e-09 5.89639862e-08 1.03638834e-10 1.91696404e-08 0.0202915001 1.11519276e-06  
4.64986102e-06 3.02072426e-08 2.01565929e-05 0.0461965363 4.21002683e-09 6.31257973e-07 7.78182852e-09 1.88433181e-09 0.953769771 8.21081738e-06  
6.8719428e-06 3.72927938e-09 1.51846497e-05 0.662083556 1.05394301e-09 1.720448e-05 4.24830548e-09 3.29885191e-08 0.337829567 4.75735426e-05  
0.00492769306 1.09684559e-07 0.21273253 0.0343989966 1.06303126e-08 5.59133982e-07 1.37717467e-08 2.04454416e-07 0.747830965 0.000108918254  
0.0114313958 3.70593652e-07 0.0414506039 0.652876339 4.06234334e-07 8.91524699e-06 3.27335113e-09 8.04670852e-07 0.29396379 0.000267370874  
0.00090571727 1.06326251e-07 0.0126291712 0.724207633 4.95652224e-08 3.02102024e-06 2.96051435e-09 1.17664395e-07 0.262128041 0.000126140482  
0.0684809882 2.94874904e-08 0.000651567011 0.809834359 1.09666446e-07 0.00034770281 4.39312025e-07 7.19119487e-07 0.108975821 0.0117082643  
0.0374553673 4.72078063e-08 0.0192465291 0.425105519 3.63596308e-08 7.57855165e-05 5.3099972e-08 3.40844778e-07 0.516785418 0.00133090335  
0.0143327998 1.40331751e-08 0.593548545 0.0152914373 7.67767102e-08 1.60741988e-07 1.94319922e-07 6.62894504e-08 0.376813903 1.28028965e-05  
4.36432908e-05 3.12163284e-08 0.00242728884 0.537765837 9.56912264e-09 1.34539739e-05 6.64101773e-10 1.50628096e-07 0.459726443 2.31422318e-05  
0.000744976756 1.33621022e-08 0.65395975 0.0597217322 1.21216285e-07 7.95532943e-08 7.42512921e-07 4.74408145e-08 0.285485554 8.69832773e-05  
2.87709657e-06 3.2241992e-08 0.00583680537 0.0939422727 6.17091227e-09 1.30981971e-07 5.03179823e-10 2.10073158e-08 0.900216962 8.92091546e-07  
8.10367483e-06 3.50571252e-09 5.7118394e-05 0.91651056 8.51608677e-10 9.4951176e-07 1.86505616e-09 1.08769532e-08 0.0834081746 1.50766763e-05  
0.036635558 6.67548869e-07 0.0441125415 0.642698344 1.16669126e-06 1.22519455e-05 1.66721866e-08 1.82201418e-06 0.275927133 0.000610498439  
0.000961509671 3.05589365e-08 0.0526981375 0.0421714631 3.48588992e-08 6.649808e-07 6.538107e-09 3.19883827e-08 0.904152305 1.58159582e-05  
0.316168202 6.69890548e-08 0.00563349631 0.631340338 1.17450857e-07 8.01105007e-05 4.01212123e-07 4.93598494e-07 0.0460508792 0.000725894788  
3.82924666e-07 5.72021461e-10 1.91181702e-05 0.993253994 1.09712784e-10 5.75014681e-07 2.24455964e-10 4.21730425e-09 0.00671409153 1.18332516e-05  
7.46391775e-06 1.79453452e-09 5.86852173e-05 0.931657014 1.48927994e-09 1.29814577e-05 2.67373469e-09 2.72036545e-08 0.0682149125 4.89094173e-05  
1.91119175e-06 1.17914946e-09 2.97902553e-05 0.00249836221 5.25250104e-11 2.02534168e-08 9.7235647e-10 8.75039109e-10 0.997468201 1.71249014e-06  
2.47176231e-07 4.85547425e-09 0.000285204969 0.538262176 4.74846684e-09 1.54162015e-07 3.53883793e-10 1.90211454e-08 0.461445734 6.45504149e-06  
0.000116237603 1.30052028e-09 0.000992343631 0.998092904 1.08637542e-08 6.09955439e-06 3.05001736e-09 7.18130915e-08 0.000725336255 6.69915981e-05  
7.53064246e-05 4.96444751e-09 7.25088897e-05 0.657044616 4.97489565e-09 7.81058596e-05 9.83733935e-09 1.02246975e-07 0.342395895 0.000333446162  
9.58875343e-05 4.22536313e-09 6.29542889e-05 0.0487275064 1.39974392e-09 6.95701962e-06 8.1315122e-09 1.65056388e-08 0.951102811 3.85347071e-06  
4.22462327e-05 1.13762559e-08 0.000594050305 0.0590102371 2.8463497e-09 1.93147862e-07 8.26689611e-10 6.30514686e-08 0.940318396 3.47994698e-05  
1.19234477e-05 4.71221428e-09 0.000485492442 0.836294146 7.00209581e-09 6.21654623e-07 3.30492062e-09 1.28193358e-08 0.163143613 6.4175273e-05  
1.05950066e-06 1.71251682e-09 0.00132391885 0.0445071109 2.26970813e-09 1.55028749e-07 7.71399227e-09 2.21193533e-09 0.954158263 9.47837705e-06  
8.09676397e-07 1.36926351e-09 6.28820503e-05 0.999617533 1.7972211e-10 9.68488968e-08 2.48375116e-11 6.76735895e-09 0.000308594373 1.0075695e-05  
1.75471281e-05 6.24650194e-09 0.00431153018 0.204747179 3.65242519e-08 4.69853544e-07 1.22723242e-08 4.33869667e-08 0.790880339 4.28367592e-05  
2.15629254e-06 4.91428519e-09 0.000123876445 0.12119996 3.9316761e-09 2.81758934e-07 3.42925039e-09 5.25246011e-09 0.878661939 1.17690925e-05  
0.00439862282 1.14779485e-08 0.00044153051 0.522524333 1.14948057e-07 0.000893306616 4.34140931e-08 1.40372916e-07 0.471654831 8.70658782e-05  
5.48174128e-05 4.25289411e-08 0.0158255002 0.0164533247 1.60689649e-08 3.88949006e-07 2.11721381e-08 1.50141424e-08 0.967664841 1.0328839e-06  
2.23914608e-05 3.16373413e-08 0.00541549591 0.0389799409 3.90772637e-09 2.39045846e-08 1.98308698e-09 1.93473273e-08 0.955577192 4.89941418e-06  
2.19641002e-06 9.67671191e-09 0.000319348116 0.708091797 1.96880322e-09 2.93501716e-07 3.0166171e-10 3.00868372e-08 0.29158087 5.45273578e-06  
5.45748713e-05 8.27068735e-08 0.0193602212 0.973450688 4.35083269e-09 6.90664881e-07 1.34102331e-10 3.77679109e-08 0.00712782645 5.87407729e-06  
2.01050284e-05 2.09882125e-09 0.000516347766 0.150788122 2.00575335e-08 1.13812477e-05 9.5740166e-08 1.3131546e-08 0.84859882 6.50936414e-05  
1.73728728e-06 6.82493602e-09 0.000686186806 0.435579103 7.31166491e-09 1.08872779e-07 1.43116054e-09 1.99634905e-08 0.563722963 9.86590935e-06  
0.000193580619 6.58112901e-08 0.00398067388 0.806753736 2.35580499e-08 5.39449095e-07 3.83665245e-10 1.16891683e-07 0.18904583 2.54325493e-05  
0.000179436105 1.45698278e-08 0.000522959276 0.86463668 3.9382032e-09 4.9507297e-06 2.92824347e-08 4.15421996e-08 0.13455783 9.80550297e-05  
0.0761307071 6.53407276e-08 0.00059354539 0.131143686 2.62401211e-07 0.0047877738 6.05411171e-07 1.29423411e-06 0.787202956 0.000139103992  
0.00702564331 4.604099e-08 0.00406641949 0.724895253 2.04297278e-08 3.34517998e-05 9.99246972e-07 2.53687704e-08 0.263419122 0.000559019594  
0.00150852865 8.2529616e-08 0.0210451621 0.93763935 1.5512126e-07 1.43412684e-05 1.13424777e-09 8.01083671e-07 0.0391876932 0.000603884442  
0.0341917004 6.88667259e-07 0.443348193 0.37570661 3.38475986e-06 4.56690313e-05 1.96453693e-08 8.63996283e-06 0.145417065 0.00127802978  
1.40585506e-06 1.98722864e-09 0.000363705294 0.999350697 4.4657608e-10 1.36491168e-06 1.77190557e-10 5.48300198e-08 0.000281326179 1.44349827e-06  
2.25603252e-05 7.95332627e-09 0.000299221564 0.0743787063 1.00505299e-09 1.943678e-07 6.26697719e-09 6.82521229e-09 0.925286736 1.25592323e-05  
1.35832932e-06 3.7491579e-09 0.000241421025 0.893811227 1.53509522e-09 2.10861221e-07 3.00194413e-10 4.92044575e-08 0.105863842 8.18868765e-05  
3.23152728e-05 4.49823884e-09 0.02846251 0.00222225902 1.21724582e-08 5.76599142e-09 4.55386354e-07 2.41522011e-09 0.969280755 1.68057934e-06  
0.000622651449 3.74374218e-08 0.00138039994 0.578304667 5.6608732e-09 3.98857946e-06 4.82164974e-08 2.67125163e-08 0.419233081 0.000455093357  
6.64296068e-06 1.7879101e-09 0.00041330308 0.0112874905 6.43213348e-10 4.12939102e-07 1.06267165e-07 8.16618817e-10 0.988287582 4.45909348e-06  
8.74257702e-05 2.77638514e-08 0.00561464488 0.216261256 2.48988679e-09 1.80258923e-06 1.77719658e-09 8.75810598e-08 0.778027426 7.32459608e-06  
0.00263139264 2.77155658e-08 0.00105709213 0.83640574 7.95191631e-09 0.000368019863 2.25232098e-08 2.39181632e-07 0.159481939 5.5519186e-05  
0.00130874289 5.12470075e-08 0.0147003582 0.70418543 2.70875267e-08 1.96674874e-06 4.40510546e-08 6.52763468e-08 0.279619545 0.000183768861  
0.00132001343 5.55160513e-08 0.00540886366 0.721235601 5.87940598e-09 1.57337101e-06 3.19458974e-09 7.87308685e-08 0.271973127 6.06779978e-05  
3.71678415e-06 3.64757453e-09 0.000758256465 0.881735004 2.61766392e-09 7.79016112e-07 2.12520701e-09 9.38396667e-09 0.117465316 3.69097176e-05  
1.4376662e-06 3.09337565e-09 0.000286352625 0.0168873414 9.74318687e-10 1.6375809e-08 2.01298973e-09 1.14548901e-09 0.982823035 1.80944952e-06  
0.000463597666 8.41815158e-09 0.0129200987 0.0432711304 4.24081214e-09 2.02634533e-06 6.66706231e-08 1.56781119e-08 0.943296154 4.68982225e-05  
0.00602457711 4.6897428e-08 0.699280368 0.0477925587 4.56821843e-08 3.70946064e-07 2.93844959e-08 1.56268578e-07 0.246844228 5.76194893e-05  
4.01182985e-07 2.41402138e-09 2.46803325e-05 0.0972828206 6.46965461e-09 2.28532005e-06 1.50388632e-09 1.8501085e-09 0.902684575 5.22569803e-06  
1.67730797e-05 3.2267969e-09 0.000367281829 0.891133953 3.01450113e-09 1.03674557e-06 6.36201562e-10 2.84739101e-08 0.108437414 4.35063615e-05  
5.40333077e-06 4.46365791e-09 0.0178545718 0.606236454 9.96118233e-09 1.10778635e-06 3.52587491e-09 1.00820285e-07 0.37588814 1.42045261e-05  
2.2329223e-05 2.54223838e-09 0.000974219442 0.995153084 1.51934593e-09 2.93486159e-06 3.05088704e-10 9.00351988e-09 0.00383334244 1.40767631e-05  
0.000440384703 6.10410935e-08 0.00103764986 0.81052242 1.02239619e-08 1.30393862e-06 9.42993538e-10 1.06298631e-07 0.187929683 6.83796318e-05  
2.74410354e-06 1.46388663e-08 0.0418119729 0.460348717 5.10239526e-09 1.70970813e-06 2.81311078e-09 7.70787884e-08 0.497828429 6.32786914e-06  
0.00122121599 3.60443654e-08 0.0168357589 0.191839595 1.45969116e-07 3.89306904e-06 2.11448004e-08 2.14615515e-07 0.790049797 4.93224414e-05  
0.000177029106 1.35775982e-07 0.033571726 0.543323076 1.68494888e-08 2.59094256e-07 1.29674946e-09 6.14126711e-07 0.422862079 6.50627228e-05  
0.0156029351 6.85823436e-08 0.00497014159 0.925089172 1.68768738e-08 3.7405377e-05 1.40839543e-08 7.73143034e-07 0.0542224451 7.70279065e-05  
0.000253497882 1.81838034e-08 0.000457115089 0.753577301 1.28208966e-08 4.74676073e-06 2.01244803e-08 2.18181361e-08 0.245672562 3.47045036e-05  
1.75187459e-05 6.64614892e-09 0.027873169 0.0366779662 6.98313401e-09 5.82658726e-08 5.60130346e-09 2.66209728e-08 0.93541101 2.02315857e-05  
0.00100844016 4.53293054e-08 0.00359023339 0.443754382 3.43810972e-09 2.57027e-06 5.09935899e-08 3.69799252e-08 0.551206875 0.000437362621  
1.32182865e-05 2.68374987e-09 0.00337317318 0.611020218 1.6699928e-09 1.88251888e-05 1.10126317e-08 5.29412566e-08 0.385544346 3.01513505e-05  
2.36380598e-06 6.42426051e-09 0.000249847818 0.992171709 1.47270268e-08 3.9549094e-06 5.27715377e-11 7.9370809e-08 0.00756385537 8.16885175e-06  
2.77531648e-07 1.97851693e-09 8.84797514e-06 0.905483181 5.71239121e-10 1.33546318e-06 4.03034764e-10 5.03712446e-09 0.0944923477 1.40021136e-05  
2.61827395e-05 7.62136643e-09 0.00134104096 0.0639128325 9.09424659e-10 8.42713605e-07 5.66529953e-09 1.59531023e-08 0.934710404 8.66659483e-06  
1.17975742e-06 2.50369579e-09 3.71729691e-05 0.0924738673 1.573657e-09 1.10166938e-07 1.00438132e-09 4.25159449e-09 0.907483402 4.25879244e-06  
2.27864063e-07 1.04053248e-09 0.000601592199 0.957916597 9.41915141e-10 1.47412202e-07 1.37717946e-10 1.23754711e-08 0.0414787659 2.65505812e-06  
0.203409425 3.93357574e-07 0.00907830828 0.330221923 2.15975955e-07 2.0623752e-05 2.90730013e-08 1.9030091e-06 0.450900474 0.00636670454  
1.43583439e-05 2.42424948e-09 0.00188614905 0.00155363402 3.502485e-10 8.3190351e-09 7.13719506e-09 1.17088933e-09 0.99654484 9.99117512e-07  
5.01845478e-06 1.26748355e-09 0.000303293798 0.128499045 3.05962524e-09 5.04909356e-07 9.05744495e-09 6.00905239e-09 0.871178004 1.41135581e-05  
0.382891143 3.18893832e-07 0.0736556919 0.436372481 3.5324617e-07 1.36512501e-05 4.85077993e-07 2.65797481e-07 0.106400042 0.00066556823  
0.000489537956 4.82311147e-08 0.00436039325 0.979467347 7.36559457e-09 4.76286654e-07 8.22635128e-09 1.78190454e-08 0.0156465822 3.55818892e-05  
7.59845842e-06 1.89013247e-08 0.000652780232 0.118017997 1.03063483e-08 9.51133795e-08 4.93967558e-10 5.52055188e-08 0.881315324 6.1201181e-06  
5.38356544e-05 6.0726293e-09 0.00181238567 0.169068387 1.55822441e-09 2.48085726e-06 5.87836835e-09 1.03152741e-08 0.829048486 1.44007218e-05  
1.82921697e-05 2.73072023e-08 0.208048436 0.117837777 3.92385555e-09 1.04014835e-07 1.03943017e-08 7.74677884e-08 0.67409438 8.92187804e-07  
4.4335337e-07 1.23381893e-09 0.000262509491 0.985745571 4.94121106e-10 7.53891143e-07 1.08932781e-10 1.51108528e-08 0.0139882144 2.49098192e-06  
0.0277352826 1.44499147e-07 0.685233713 0.0254286152 2.72501204e-08 3.58448135e-07 1.48281327e-09 1.40993993e-07 0.261596348 5.3689486e-06  
0.0346434847 3.75478634e-09 0.00260935629 0.895144327 4.44761149e-08 0.0173746555 8.3919883e-07 5.94199368e-07 0.021454837 0.0287718575  
0.00161188679 6.97155534e-08 0.047979883 0.194155764 9.96608852e-08 7.35690503e-07 2.74073097e-08 2.95030945e-07 0.755916081 0.000335157582  
7.00280596e-05 2.47566154e-08 0.00666484369 0.329308504 8.06931334e-09 7.82599244e-07 4.74004791e-09 5.80839931e-08 0.663926574 2.91716629e-05  
0.000149930205 1.46093738e-08 0.00329240948 0.678292964 1.78603515e-09 8.15732032e-06 1.74769898e-08 3.9026286e-08 0.317842522 0.000413944931  
4.60028978e-05 1.35277967e-08 0.0155425675 0.322390765 7.84576161e-09 1.63425445e-05 1.2533069e-08 1.92441711e-07 0.661968407 3.56889787e-05  
0.00739859861 3.40654372e-08 0.00675827414 0.42953963 9.34796218e-09 5.95699539e-05 2.70950245e-07 1.78127235e-07 0.554714825 0.00152860947  
0.248329342 2.8089782e-07 0.671793544 0.0620376413 2.99901188e-07 2.39789415e-06 1.11580544e-07 2.05517255e-06 0.017755173 7.91543624e-05  
0.79769409 9.88332988e-08 0.0864536023 0.084990558 2.93895931e-07 1.90377452e-06 2.09107661e-07 3.16132174e-07 0.030632165 0.000226762887  
0.000355995511 4.70280995e-08 0.0358366466 0.762809538 3.83059409e-07 1.23681826e-05 1.12451078e-07 1.12130037e-07 0.198644747 0.0023400508  
1.22488517e-06 5.6838264e-09 2.8001859e-05 0.671563738 4.56898417e-09 9.71715832e-07 1.40629018e-09 6.92300826e-09 0.328368386 3.76581985e-05  
5.52880593e-08 3.17438556e-09 3.82978014e-06 0.940778089 5.1682245e-10 2.10396547e-07 1.44521371e-10 2.88092472e-09 0.0592131924 4.61683463e-06  
0.000174500416 1.26643621e-08 0.000474285677 0.94641254 1.67812043e-09 4.23208499e-06 3.6958025e-09 6.72603822e-08 0.0529055273 2.88290598e-05  
0.000651052379 4.53480937e-09 0.0146156287 0.896699737 3.05478758e-09 8.43492367e-05 8.36966444e-08 1.13028656e-07 0.0876662999 0.000282728556  
5.5418145e-06 6.76122581e-09 0.00057594603 0.275027021 1.50561124e-09 2.10484016e-07 2.26338076e-09 1.06584726e-08 0.724377877 1.33820543e-05  
9.61475426e-05 3.16547367e-09 0.0218549344 0.00372635116 1.32320525e-09 7.63490897e-08 1.16566057e-08 7.23047021e-09 0.974317173 5.29402682e-06  
0.000327743901 1.20609627e-08 0.0237614631 0.000588375462 3.33607135e-09 1.79682972e-09 7.96099912e-10 8.81177175e-09 0.975321888 5.03031731e-07  
1.6210796e-07 1.3551156e-09 9.13398392e-05 0.871714518 4.65970728e-10 3.44518429e-08 2.57626025e-10 1.19411773e-08 0.128191154 2.77688449e-06  
3.96366981e-06 3.94039212e-09 0.00100620768 0.0367144586 1.71027283e-09 5.08144638e-08 4.53333314e-09 3.25297437e-09 0.962272273 3.03276447e-06  
0.063025904 7.86374278e-08 0.0866891596 0.179849864 4.05619033e-08 1.73742062e-05 2.63716506e-07 3.54272529e-07 0.669692409 0.000724552501  
5.23631372e-05 6.73794966e-09 0.00396690192 0.25164288 7.2335588e-09 4.46269727e-06 7.87490009e-08 1.7610969e-08 0.744243159 9.0122988e-05  
0.0599005165 4.9604139e-07 0.166219226 0.329505852 1.94120132e-08 3.8254822e-06 2.40304306e-08 4.51497987e-07 0.444306045 6.35446042e-05  
2.47620841e-05 7.52409303e-09 0.00356779836 0.00410622513 1.52277362e-09 3.44219301e-08 1.43211458e-07 3.74063075e-10 0.992295978 5.04950277e-06  
0.0010127184 3.26273867e-08 0.00180902808 0.512837124 1.11681614e-08 3.91488845e-06 1.40399111e-07 6.930716e-08 0.483270227 0.00106673448  
0.00033269461 8.88607259e-08 0.00941005126 0.901703187 7.65105736e-09 4.27188569e-07 6.44085332e-10 7.00776613e-08 0.0885430493 1.04231021e-05  
0.0124711714 1.15636959e-07 0.133311823 0.0719096498 4.66241865e-07 6.37537242e-07 1.47694381e-07 1.68624629e-07 0.78206478 0.00024104043  
0.000149041262 1.53029034e-08 0.00333750463 0.0528695154 2.28622668e-09 2.9377077e-07 1.26782096e-08 9.01186102e-09 0.943626023 1.75824841e-05  
0.000183909924 1.17877656e-08 0.0101637139 0.755115698 1.6327745e-08 2.65997383e-06 2.7435633e-08 3.31335587e-08 0.234343558 0.000190371293  
0.000213649051 6.2452295e-08 0.0129918291 0.578080495 4.55191321e-08 6.84373141e-07 3.34493074e-09 4.10283795e-07 0.408592117 0.000120703741  
0.00010601803 2.73661364e-08 0.00655163332 0.0235410392 2.74312714e-09 9.44493467e-09 1.99456306e-09 1.12462368e-08 0.969799306 1.95083028e-06  
4.095768e-05 1.66343552e-08 0.00194165979 0.107557027 4.86293594e-09 2.92403038e-07 1.15940131e-08 1.31419783e-08 0.890454803 5.21431762e-06  
0.000593211938 2.08407736e-07 0.0334958468 0.892406414 1.60103177e-07 9.83404309e-08 1.39837624e-08 1.27548548e-07 0.0734273245 7.65938985e-05  
0.000308909819 5.0716548e-09 0.000228128268 0.994933758 2.81358728e-08 1.77397385e-05 2.49914652e-09 1.6824779e-07 0.00408208006 0.000429180263  
1.27009338e-05 9.69334447e-09 0.00204279526 0.914093655 2.23876119e-08 4.44222707e-07 2.99983482e-09 1.65748816e-08 0.0838283743 2.19781874e-05  
0.00860490597 2.03490672e-07 0.405161696 0.366827535 2.71851576e-06 2.1407611e-06 6.89619397e-08 6.71064094e-06 0.218562725 0.000831295136  
1.84805006e-07 1.15336328e-09 4.16971365e-06 0.99930847 3.00715728e-10 1.14554068e-06 7.57206117e-12 6.0313882e-09 0.000683642454 2.38012743e-06  
0.00149825629 4.02295038e-08 0.190157829 0.00669374581 5.19091669e-08 5.22505192e-08 4.92060939e-09 1.60857867e-07 0.801634429 1.54290476e-05  
7.91957814e-06 4.93015367e-09 1.57021249e-05 0.988000769 1.22889298e-09 2.59089391e-05 2.0328422e-10 6.36412134e-08 0.0119477508 1.8792288e-06  
0.00159386177 2.86592366e-08 0.000488732854 0.374494899 1.29614143e-08 8.12595016e-05 6.93158978e-08 7.23269794e-08 0.6227615 0.000579564195  
0.00576904328 5.19193329e-07 0.0657374144 0.456904296 9.35527353e-08 1.02515595e-06 1.70153734e-09 6.88499321e-07 0.471329762 0.000257155741  
7.76804527e-07 3.10346519e-09 0.000119945272 0.418400289 1.19675066e-09 2.42021495e-06 8.54170485e-10 2.19388793e-08 0.581425032 5.15092396e-05  
0.0006029315 1.40075945e-08 0.0530415894 0.633030195 2.59717208e-08 2.03774079e-05 1.38343182e-08 2.14957583e-07 0.313174422 0.000130215136  
3.62014692e-06 5.69022663e-09 0.00311261602 0.109434691 2.69867212e-09 8.82441493e-08 6.26892402e-10 2.6447067e-08 0.887444058 4.89113517e-06  
0.403362039 1.48621864e-07 0.0204955846 0.315985653 5.76547535e-09 2.55191677e-05 6.80557963e-07 4.12593879e-07 0.259596958 0.000532998287  
0.000538092074 8.04178446e-08 0.00884915776 0.0630103357 1.6263134e-08 7.36298249e-07 1.38893339e-09 1.08635426e-07 0.927532831 6.86409101e-05  
0.0535506191 1.89765699e-06 0.0796843631 0.351981582 3.00240128e-06 6.13767853e-06 9.45784635e-09 5.63831657e-06 0.514426156 0.000340594148  
0.0164666929 1.53713153e-08 0.0318790063 0.875524525 1.1076504e-06 0.002755592 1.48395584e-07 5.06755983e-06 0.05402273 0.0193451147  
3.35706383e-06 7.89030465e-09 0.000125131613 0.893195188 7.16026432e-10 2.87024213e-07 1.03126681e-09 1.39896332e-08 0.106632893 4.31192907e-05  
1.87487706e-05 1.70565594e-09 0.00182090519 0.0107158223 2.42863457e-09 3.45116626e-07 6.90906239e-08 1.56236514e-09 0.98743321 1.08937969e-05  
6.38528076e-05 3.98515727e-09 0.000224956406 0.999027719 9.79668523e-09 2.50007521e-05 1.52318936e-10 4.64010647e-08 0.000623459351 3.4951179e-05  
0.0240703735 3.8513796e-08 0.00289422815 0.966627064 6.93310616e-08 0.000414689126 6.61787211e-09 1.33190448e-06 0.00555887388 0.000433325041  
0.0293588354 1.87023318e-08 0.00461356135 0.329332061 4.95083011e-07 0.000722600972 2.03415218e-06 2.55404802e-06 0.632549541 0.00341829849  
0.000124944594 1.7555158e-09 0.000415160506 0.998343099 7.69756616e-10 2.71790876e-05 3.81314246e-09 1.30823236e-08 0.00104403005 4.55670552e-05  
0.0021524959 3.61234987e-08 0.0621369787 0.764049092 1.63264286e-08 0.000328962961 5.30788131e-08 4.21390579e-07 0.171132986 0.000198957393  
5.16041916e-08 1.04241861e-08 1.46402339e-05 0.604313485 9.36110092e-10 1.60519892e-06 1.11414659e-10 2.22394375e-08 0.395665923 4.26138203e-06  
4.06413304e-07 1.12830437e-08 0.0141487651 0.911561847 2.28203248e-08 1.23688804e-07 3.29134994e-09 2.9335412e-08 0.0742806294 8.16221997e-06  
0.00199007261 1.30858703e-07 0.0430011392 0.333409094 1.61875681e-08 8.18688952e-07 5.39209669e-09 2.10314616e-07 0.621571576 2.69373395e-05  
3.70414502e-05 5.68077724e-09 0.0120090265 0.790018537 1.72381284e-08 2.01174164e-07 1.59559582e-08 9.85384089e-08 0.197875263 5.97935497e-05  
0.000153133564 1.65356265e-08 0.0501644329 0.583858549 2.63891839e-08 1.72234555e-06 5.11731106e-08 9.36772447e-08 0.365594768 0.000227206912  
2.07294206e-05 2.34641118e-09 5.5781673e-05 0.995699296 1.87209515e-09 7.79421597e-07 3.28609638e-10 2.23697802e-08 0.00419987008 2.35167056e-05  
0.000816236586 1.82314069e-07 0.093140317 0.810192396 5.85999139e-08 2.64890296e-06 2.35055677e-09 4.39518405e-07 0.0958341152 1.36035214e-05  
0.000326709596 4.8136863e-08 0.0192870085 0.164270426 6.31174784e-09 5.73452609e-07 1.97068538e-09 5.20073805e-08 0.816108084 7.08956966e-06  
5.811106e-07 1.50507295e-09 0.000153627151 0.0644728622 1.76802963e-09 2.07516709e-07 3.11322589e-10 2.92353536e-09 0.935367655 5.06096695e-06  
0.00221128459 3.3315264e-08 0.159412896 0.0317723291 6.65014608e-07 4.44477418e-07 2.02511647e-07 1.54803429e-07 0.806543582 5.84080034e-05  
2.22077154e-05 5.25301656e-09 0.0140348401 0.979429827 2.72065155e-08 1.90977019e-05 4.61965691e-09 1.36579326e-07 0.00645061621 4.32376273e-05  
5.31508152e-05 1.08002426e-08 0.00627099804 0.158715509 6.08088886e-09 2.46132872e-07 9.26136335e-09 2.28215964e-08 0.834937883 2.21646796e-05  
0.000454389482 1.3393186e-08 0.121518083 0.75263999 6.787414e-07 9.68358523e-06 1.96175617e-07 4.53263767e-07 0.12474008 0.00063643263  
0.0252839318 5.54729749e-07 0.0164332552 0.57897723 3.61599545e-07 7.16902372e-06 2.60050105e-09 4.41229176e-06 0.378544982 0.000748100587  
0.00679845985 4.08186274e-08 0.0896791046 0.762498351 5.20297505e-08 4.86665021e-06 4.3547308e-07 7.57440701e-08 0.140553326 0.00046528833  
1.11367297e-06 1.52004712e-09 0.000629714668 0.001648262 3.8054339e-10 5.77000223e-09 5.2507284e-10 1.10760705e-09 0.997720123 7.7763536e-07  
4.5891704e-05 5.15219793e-09 0.122201807 0.655157172 2.64646487e-08 2.65288058e-06 1.44456627e-08 3.78137671e-07 0.222503352 8.87013575e-05  
3.03108172e-05 1.62155634e-08 0.000520570048 0.949331158 2.88767032e-09 1.05418558e-06 9.62125233e-10 3.27913911e-08 0.0501073241 9.52969309e-06  
1.10377692e-05 1.17939701e-08 0.0133229559 0.379863693 4.31727753e-09 1.16246715e-07 2.04312908e-09 1.18560121e-08 0.606792342 9.82488197e-06  
6.59082009e-05 3.37036212e-09 0.00911136107 0.123172402 2.73405423e-08 1.05373492e-06 7.94640237e-07 5.46361168e-09 0.867621894 2.65498652e-05  
4.10858097e-05 4.19717667e-09 0.000387942015 0.99156111 2.54835371e-08 7.00545848e-05 6.83443391e-09 1.30330133e-07 0.0077119401 0.0002277003  
0.00187576431 4.70919512e-08 0.07624414 0.731197025 2.57333972e-07 7.42177738e-05 6.74363086e-09 4.98066893e-07 0.188890882 0.00171716151  
4.9592586e-06 1.70121999e-09 2.49966111e-05 0.996874201 1.38343159e-09 8.89590037e-07 2.10957057e-10 4.95320704e-09 0.00308083209 1.41129506e-05  
5.94589489e-05 1.61108718e-08 0.000931420258 0.237862217 3.0534105e-09 1.05152915e-06 1.07781749e-09 3.35607569e-08 0.761108522 3.7277005e-05  
3.68863323e-05 1.79346844e-09 0.0207092252 0.959427607 9.67889841e-09 5.65645813e-06 8.50955774e-09 1.18071849e-07 0.0197557653 6.47219973e-05  
1.63293423e-05 9.85180057e-09 0.00351514152 0.00597003613 1.89435721e-09 5.55495447e-09 2.65440175e-09 5.86641984e-09 0.990495427 3.04041183e-06  
4.10292618e-06 1.5772509e-08 0.00198462723 0.235551199 4.85534953e-09 1.8009881e-07 3.70196559e-09 1.18129186e-08 0.762454204 5.65021939e-06  
0.000282436954 7.98981621e-09 0.000122551993 0.605148965 7.01423391e-09 1.11561349e-05 4.51644403e-09 1.19021206e-07 0.394186155 0.000248596048  
0.953347949 9.40250985e-09 0.0275730173 0.00114078133 3.24392862e-08 3.56126634e-08 5.15317889e-08 1.15899732e-07 0.0177450186 0.000192988862  
3.03335645e-06 2.45308697e-08 0.000198534882 0.732186781 2.49515893e-08 8.75579719e-07 1.73721819e-09 1.73968756e-08 0.267566255 4.44518085e-05  
5.04541725e-05 1.18177219e-08 0.000355067327 0.235590401 7.25164447e-09 9.64138099e-07 9.72526547e-10 4.0937134e-08 0.763977567 2.54855484e-05  
0.0849954385 2.08493628e-07 0.0748418104 0.653881082 1.20894552e-07 7.06536336e-06 3.18340697e-08 5.07700297e-07 0.186168244 0.000105490777  
0.00476352127 5.13431154e-09 0.129484964 0.0139478848 9.2129875e-09 2.04241314e-06 5.54914664e-08 3.49837083e-08 0.851769128 3.2354479e-05  
1.00000472e-05 3.67251226e-09 0.000471456867 0.997035635 1.69185778e-09 1.84844548e-07 3.67513408e-10 3.61410649e-08 0.00246232399 2.03576748e-05  
6.95112864e-06 7.45403463e-09 0.0122507053 0.0678446664 6.51046273e-09 2.93602972e-08 1.104152e-08 5.60573077e-09 0.919891217 6.40006526e-06  
0.10764861 1.05541566e-06 0.206766631 0.00664336333 2.64791714e-07 7.03933156e-06 6.83049641e-08 1.51148461e-06 0.678923688 7.76789827e-06  
7.62718493e-05 3.6627219e-08 0.0032355179 0.132253067 2.15995691e-08 1.43213684e-07 3.45657715e-08 4.51242425e-09 0.864413447 2.14552993e-05  
7.79977074e-05 1.91909884e-08 0.00924452267 0.378441732 7.46036375e-09 6.03687293e-07 1.97011134e-08 8.76296227e-09 0.612189114 4.59751381e-05  
5.28570928e-06 3.20161877e-09 0.00949869727 0.00729053612 1.21860797e-09 7.67274329e-09 2.24152052e-09 3.52819845e-09 0.983203261 2.20207598e-06  
0.0130073549 3.10122837e-07 0.554056874 0.215596634 3.82495752e-07 3.09199408e-07 2.59139226e-08 6.97561855e-07 0.217280055 5.73560806e-05  
0.00015738984 7.39564606e-08 0.0325266421 0.153615047 8.19843512e-09 1.83659447e-06 7.19200591e-09 5.20736107e-08 0.813658471 4.04726315e-05  
1.80797514e-05 4.15564011e-09 0.000267062838 0.915083707 6.05628427e-10 3.85896761e-06 2.88691803e-09 1.02516372e-08 0.0845772537 5.00198846e-05  
0.00178359081 4.22887555e-08 0.0133946215 0.616106549 1.14291807e-08 1.33447347e-06 5.59670534e-09 3.74247464e-07 0.36866413 4.93405417e-05  
0.000319384647 2.04115439e-08 0.00025464972 0.806198448 5.48940077e-09 3.67478586e-06 3.6158148e-09 4.82904868e-08 0.193062843 0.000160922264  
1.16813859e-06 2.50072903e-09 6.84620898e-06 0.992807309 8.08480621e-10 1.5126759e-06 1.92165214e-10 6.11021983e-09 0.00717162302 1.15311935e-05  
2.8126203e-06 2.60217649e-09 0.000105461587 0.979667546 3.07878903e-09 1.51251246e-06 4.60226488e-10 1.05786513e-08 0.0202151273 7.52336522e-06  
5.93086667e-05 3.08786828e-07 0.0468009074 0.329678705 5.3948275e-08 2.36564613e-06 1.0951738e-08 9.18979208e-08 0.623454383 3.86459418e-06  
1.78263594e-06 1.52660997e-09 7.47064753e-05 0.970126902 8.62741385e-10 4.40615402e-07 2.15589237e-10 1.84573642e-08 0.0297807086 1.54382341e-05  
1.94144036e-06 3.48219893e-09 0.00108049297 0.876045921 2.86668056e-09 7.32651747e-07 1.4868957e-10 1.62686657e-08 0.122863365 7.52432139e-06  
2.3274292e-07 4.60927862e-10 9.22390197e-06 0.994442189 5.17339111e-10 6.11842098e-07 2.63225257e-10 3.13661847e-09 0.00554026856 7.46918158e-06  
1.58754252e-05 6.6636607e-09 0.00607540153 0.0104092283 4.91333026e-09 6.08016322e-08 5.38383728e-09 2.64957075e-08 0.98349449 4.90015795e-06  
2.66001148e-06 2.78031778e-10 0.000139400646 0.998680744 4.09554668e-10 6.13820267e-07 9.71604427e-10 2.84657703e-09 0.00116274792 1.38286202e-05  
3.51669715e-07 7.34707216e-10 1.66530042e-05 0.992822519 3.38700981e-10 3.94613617e-07 2.0298169e-10 4.37822737e-09 0.00714819943 1.18769328e-05  
0.000124264918 1.09751842e-08 0.00825646345 0.842500071 1.99976207e-08 1.28969015e-06 1.6364776e-08 6.29802556e-08 0.149004672 0.000113129203  
0.000604855921 2.29972025e-08 0.000416904453 0.815351374 2.28719973e-07 0.000124625998 2.33230573e-08 2.40971407e-07 0.182538952 0.000962771853  
0.125650338 2.03224031e-07 0.582212985 0.220742028 2.42155023e-06 2.92852448e-05 7.14881533e-08 5.35704331e-06 0.0673232328 0.00403407753  
0.000628545036 7.37892138e-09 0.000302193403 0.99379819 9.78994023e-09 8.22584496e-05 1.61849954e-09 1.12819291e-07 0.004671739 0.000516942979  
0.000100032899 2.66735815e-08 0.00317191632 0.0371869392 1.58082863e-09 3.80865909e-08 3.24664869e-08 8.6952022e-09 0.95951728 2.37245164e-05  
0.0188036433 2.52780959e-08 0.000755557988 0.898604647 5.00345537e-08 0.00134112174 4.51507403e-08 4.48970803e-07 0.0765968385 0.0038976219  
2.23531072e-06 4.74552007e-09 0.000391635038 0.018362886 8.02225525e-10 4.24563202e-08 6.95624682e-10 3.5703995e-09 0.981239237 3.95445693e-06  
8.69313787e-06 8.73734305e-09 0.000735379951 0.425078585 2.27635144e-09 4.01515547e-07 3.72544397e-09 1.83288866e-08 0.574113685 6.32229776e-05  
0.0014988964 1.52834231e-07 0.00300083976 0.957548959 3.39770372e-09 2.55304629e-06 1.8532837e-09 2.44709218e-07 0.037936823 1.15256896e-05  
0.00220341765 2.77423172e-08 0.00421304458 0.903345462 1.58937072e-08 4.15239479e-06 8.03175636e-09 1.73901395e-07 0.0900123171 0.000221381039  
0.000559986399 1.43414237e-08 0.00158304909 0.896914814 1.90728753e-09 1.57261831e-05 1.40709713e-08 2.26553525e-08 0.0997957939 0.00113057749  
1.72497218e-05 6.075709e-09 0.00482959329 0.519010508 7.85190523e-09 6.71935693e-06 2.04398009e-09 6.77215493e-08 0.476052824 8.30220697e-05  
5.45582394e-07 1.92964761e-09 1.05437242e-05 0.998630207 1.55035937e-09 1.52150913e-07 7.95043506e-11 1.35800134e-08 0.00135714092 1.39391395e-06  
3.42138943e-05 1.86475198e-08 0.00480356607 0.0652264922 1.77513378e-09 1.37771192e-07 1.05086944e-09 3.55661495e-08 0.929922761 1.27721806e-05  
0.0336098457 1.1010501e-07 0.0570521376 0.0532724094 7.09354935e-08 5.746088e-07 2.44606975e-08 2.31251342e-07 0.855965521 9.90750482e-05  
0.000211904556 3.90647247e-08 0.00881800972 0.8378336 5.98329231e-09 1.27440495e-06 2.59797287e-08 3.23523734e-08 0.153058264 7.68432456e-05  
0.313887829 7.86888862e-08 0.0518608165 0.232615436 5.69427076e-07 0.000119393694 2.3030647e-07 8.00591529e-07 0.399645481 0.00186936493  
1.40755719e-05 1.2593971e-08 0.00016286165 0.94031382 2.84000451e-09 3.54169615e-07 1.3796032e-09 4.45826313e-08 0.0594882283 2.05994294e-05  
8.38293863e-06 3.23240626e-09 0.000171524133 0.26934788 1.63646909e-09 3.60219495e-06 8.78340696e-09 1.38203011e-08 0.730437219 3.13644622e-05  
0.177541446 1.84321543e-08 0.0234168896 0.774713416 3.65129828e-08 0.000742659212 8.98836952e-07 4.85000468e-07 0.0172706796 0.00631347081  
2.27665448e-06 1.02847001e-09 0.000125251336 0.992011053 8.69389343e-10 5.11083902e-07 8.86066786e-11 1.20253781e-08 0.00783160231 2.92920704e-05  
0.000126550334 2.6638105e-09 0.00204226767 0.015109546 2.6443984e-08 9.83429699e-06 3.4743965e-06 3.80282424e-09 0.982511541 0.000196752964  
5.07886448e-05 9.60392052e-09 0.000815640441 0.0298989336 8.914932e-09 3.68361426e-08 9.20179528e-09 7.14361681e-09 0.969225416 9.14940587e-06  
4.94785895e-06 4.04891927e-09 0.00428933115 0.0765921726 3.94101397e-09 4.23628745e-08 9.54021108e-10 2.12580151e-08 0.919106877 6.59841096e-06  
1.21558568e-06 9.53343534e-10 0.000226559973 0.856085249 1.1490209e-09 4.79952635e-06 4.42194645e-10 6.56021276e-09 0.143652367 2.97995301e-05  
1.10225379e-05 2.8225962e-09 0.000807003405 0.982031812 4.72009542e-09 9.7657094e-06 9.83302266e-10 4.17623755e-08 0.0170342699 0.000106076212  
0.00111974908 1.22999423e-08 0.00877789337 0.988076084 4.50656487e-08 4.64197345e-06 3.10418919e-09 3.99169908e-07 0.0019796729 4.14987692e-05  
3.41215251e-06 5.98866554e-09 0.00132685079 0.065778124 7.38088264e-10 6.46484328e-08 5.55127415e-10 1.29545448e-08 0.932886933 4.59484672e-06  
2.16552261e-06 4.88247348e-09 0.00361400228 0.0478059553 4.74172316e-09 6.15302284e-08 2.27228251e-09 9.08610895e-09 0.94857602 1.77451617e-06  
7.22301669e-06 8.37746845e-09 0.00705033871 0.526786597 1.52190594e-08 7.78685586e-07 1.06157564e-09 4.85306622e-08 0.466146487 8.50320324e-06  
0.00566413472 2.85583132e-07 0.0130968726 0.715759214 6.33709079e-08 8.90461821e-07 4.55689e-09 4.31071984e-07 0.2654135 6.46037132e-05  
4.48812988e-07 1.80445962e-09 0.00278122473 0.881221308 5.54257091e-10 2.49125897e-06 1.29854154e-09 5.23714829e-08 0.115992795 1.67645005e-06  
1.33237045e-06 1.66676405e-09 0.000206616306 0.991734102 7.19670911e-10 5.46210181e-07 2.19353316e-10 1.25438232e-08 0.00804549994 1.18876243e-05  
1.11421332e-05 2.06115534e-08 0.00679917933 0.180919503 5.87967272e-09 6.56060155e-08 4.20924523e-10 5.11297131e-08 0.812260974 9.05770478e-06  
7.76998404e-06 4.13582749e-09 0.000207125597 0.778748237 6.72615561e-10 9.05702196e-07 2.52053096e-09 2.8240692e-08 0.220997557 3.8368825e-05  
0.010922491 7.00940544e-08 0.0122429269 0.598885061 2.85367124e-08 1.75352124e-05 4.17823982e-08 2.97412797e-07 0.376518321 0.00141322644  
0.0152170021 5.87098527e-08 0.701520593 0.211905871 2.10975131e-07 3.15273309e-05 1.4641301e-08 4.44036571e-07 0.0710763316 0.000247946113  
1.69801647e-06 2.7852903e-09 0.00222115667 0.0886521743 1.20218404e-09 3.11854734e-08 8.96739101e-10 1.65325478e-08 0.909117845 7.07289769e-06  
0.000136671691 1.58617975e-08 0.00167353814 0.61167122 1.75674436e-08 3.09527219e-06 8.38639956e-09 2.07228877e-08 0.386349437 0.000165974937  
5.67905874e-06 6.8415252e-08 0.000705123361 0.767305596 1.65860663e-08 3.83862795e-07 1.01785996e-09 2.77646628e-08 0.231975652 7.45229083e-06  
0.0139701794 1.68739511e-07 0.0150989544 0.137450707 2.79895774e-08 0.0004320513 4.02561092e-08 2.31083076e-07 0.833011077 3.65630949e-05  
9.16956154e-07 4.7347448e-09 0.00140757409 0.946337552 2.97940347e-08 3.3476203e-07 1.42211732e-09 1.86002271e-07 0.0522332403 2.01599633e-05  
0.000808981317 4.61811996e-08 0.0842060363 0.750063168 2.48019047e-08 4.1960924e-07 6.73962424e-08 6.85724708e-08 0.164715716 0.000205472276  
0.00221967857 2.82885296e-08 0.00833910226 0.0456516086 9.35677733e-09 5.50434264e-07 1.71611327e-08 3.63039478e-08 0.943739151 4.98182166e-05  
0.00035362759 2.60724601e-08 0.00231459231 0.532024686 9.94266834e-09 2.27815608e-06 8.3822093e-09 3.42580186e-08 0.46519088 0.000113858016  
4.919693e-05 2.30987885e-08 6.4515194e-05 0.702551415 1.22250514e-08 2.30367434e-06 4.00328506e-09 5.21713419e-08 0.297279768 5.27093862e-05  
0.00479350229 2.13555527e-07 0.00208358978 0.970114267 4.53083695e-07 0.00130802838 3.55380337e-08 2.90581894e-06 0.0216763151 2.06890804e-05  
0.000161336593 5.40507839e-09 0.00046677859 0.962993384 8.08702217e-09 1.45245696e-05 8.46293255e-09 2.79620651e-08 0.0362911772 7.27486725e-05  
3.99237629e-05 8.25250919e-08 0.00730985851 0.328271194 1.06581753e-08 8.2391118e-08 9.24837797e-10 5.2701083e-08 0.664369527 9.26809236e-06  
3.7321835e-06 3.7637954e-09 6.68651846e-05 0.175478751 9.49868925e-10 3.5592302e-07 1.31956132e-09 7.12540491e-09 0.824435867 1.4415353e-05  
0.326781495 2.54567164e-07 0.113517414 0.240979542 1.43491378e-06 5.31311225e-06 5.34139436e-08 2.39751854e-06 0.318037483 0.000674610988  
0.0396355464 9.28255856e-08 0.00664887933 0.71516153 6.17526644e-08 2.70066638e-06 2.47104783e-08 3.30610204e-07 0.23765136 0.000899473424  
2.97900499e-05 2.90068839e-08 0.00200480726 0.394193694 3.71600969e-09 1.82684655e-07 4.50557027e-09 2.17988263e-08 0.603764644 6.82236934e-06  
2.85616412e-05 1.04612591e-08 0.00158045793 0.0400897675 7.46501718e-10 4.52232243e-07 8.9298777e-09 1.09616965e-08 0.958296734 3.99526208e-06  
3.14841931e-05 2.34720268e-07 0.00435861668 0.257502386 8.89761314e-08 1.0602355e-06 1.480576e-09 2.87039616e-07 0.738104496 1.34417287e-06  
3.5093134e-05 4.51905484e-09 5.49115071e-05 0.993871187 2.02828463e-09 1.29357709e-06 4.46241352e-10 3.51184193e-08 0.00600496251 3.25100891e-05  
6.6671198e-06 2.35682708e-09 0.00179486852 0.124431023 3.86641016e-09 5.67816787e-06 1.44047405e-08 3.39748812e-08 0.873702772 5.89371137e-05  
1.81694598e-05 9.14166049e-09 0.000592854305 0.439746481 1.14121205e-09 7.88690438e-07 7.32297254e-09 1.37344388e-08 0.559587324 5.43516705e-05  
6.05197226e-07 2.02645182e-09 0.00160600421 0.0130482874 7.6904324e-09 1.60125907e-07 5.09047003e-10 3.40130087e-09 0.985343919 1.01003266e-06  
2.73486043e-05 3.1180917e-09 0.000816407644 0.992852418 1.84080945e-09 3.49410754e-07 2.52713261e-09 1.42327033e-08 0.00628249193 2.09627945e-05  
9.14215536e-07 3.13008433e-09 0.00111989274 0.0330437271 1.69719458e-09 2.91508749e-08 1.28182824e-09 1.54832343e-09 0.96583374 1.68915836e-06  
0.000143604692 8.62655486e-08 0.0112788853 0.052875474 2.99578072e-08 1.43789625e-07 3.63726858e-09 6.45705746e-08 0.93569987 1.83740359e-06  
2.77639496e-06 7.51518551e-09 0.000284699225 0.999556555 3.25578407e-10 9.08649214e-08 7.58523347e-12 2.3626144e-08 0.000155310271 5.36429583e-07  
0.00014515626 1.15807977e-08 0.00190699492 0.886129049 2.65039437e-09 1.35297839e-06 1.25710712e-09 8.60238041e-08 0.111797476 1.9869301e-05  
0.000162478887 1.01758287e-08 0.000664396392 0.292382633 1.573138e-09 2.88937557e-06 2.73086922e-09 1.09624729e-07 0.706472017 0.000315461812  
0.000645301901 1.19076444e-07 0.0147026267 0.635646485 3.71200093e-08 2.79220874e-06 6.30330316e-10 7.29924134e-07 0.348591379 0.00041052864  
0.000402233752 1.35577529e-08 0.111669746 0.27022041 2.07817877e-08 4.57536101e-06 2.19014164e-08 6.61094092e-08 0.617509113 0.000193799798  
7.99343415e-05 2.99691229e-08 0.00670031417 0.468788734 4.58054904e-09 1.92522565e-07 3.48213869e-09 2.72845197e-08 0.524391936 3.88235187e-05  
0.0626314692 7.72745591e-08 0.0281491009 0.783917321 3.28062183e-08 1.98699533e-05 1.90366498e-07 2.4381742e-07 0.123836626 0.00144506896  
0.00011609518 7.68339938e-09 0.161533209 0.47519844 4.59845691e-08 8.38566224e-05 1.02139134e-07 8.40309343e-08 0.362948299 0.000119860556  
0.00054115875 1.5731805e-07 0.0103995008 0.836805557 1.78090335e-08 2.98252328e-07 3.05881344e-09 1.08506309e-07 0.1522345 1.86976761e-05  
2.94837918e-05 6.61580548e-09 0.345007732 0.351606423 5.88309333e-08 2.16305086e-07 9.92564584e-07 7.12479557e-08 0.303319435 3.55803541e-05  
0.00934788199 1.14290611e-07 0.00178519736 0.90146968 1.96874825e-07 0.000173912772 1.1757496e-08 1.68425946e-06 0.0837560185 0.00346530186  
1.16487368e-05 3.26719968e-09 0.000908858949 0.270065324 2.11093794e-09 3.32729344e-07 1.32885765e-08 8.96850646e-09 0.728983796 3.00119286e-05  
0.00445174351 4.95450187e-08 0.00720077983 0.352842766 1.07152606e-06 8.37209688e-06 2.17627344e-07 1.05451083e-06 0.633521789 0.00197215579  
0.000788372786 1.79889255e-07 0.00982038872 0.848899594 4.12496269e-08 3.85484484e-07 1.15050383e-09 5.77497037e-07 0.140412538 7.79209824e-05  
0.00822061996 2.83136676e-08 0.0101491763 0.967343782 7.37299785e-09 3.92441992e-06 9.93818953e-08 5.08385926e-08 0.0140541979 0.000228113707  
4.61511507e-07 1.81384597e-10 2.37596082e-05 0.997688855 2.29014071e-10 2.3339579e-07 4.15126085e-10 8.16752352e-09 0.00228010741 6.57362931e-06  
1.3418123e-05 9.97403051e-09 0.000104223465 0.506487272 3.79840617e-09 7.48723219e-07 1.65811022e-08 2.21363483e-08 0.493344301 4.99842751e-05  
0.308271792 1.30002477e-07 0.0543515028 0.595639718 7.28997467e-08 6.84983063e-06 7.14170614e-08 5.67984794e-07 0.041161317 0.0005679784  
1.30793606e-05 9.42464913e-08 0.0177433333 0.19850275 3.30198176e-08 1.34010345e-07 1.56466131e-09 2.29237611e-07 0.783737625 2.72093967e-06  
7.95140614e-06 1.03977018e-09 3.35677919e-05 0.996560412 3.94819314e-10 1.93975069e-06 4.23276631e-10 4.35239086e-09 0.00338748113 8.64124938e-06  
0.000205269232 1.2052062e-08 0.0911307251 0.000127972225 9.21359074e-09 2.09412821e-08 4.38614985e-09 1.36528296e-07 0.908534843 1.00692033e-06  
0.000220951202 3.30588473e-08 0.00182559634 0.911083432 8.83675477e-09 5.65164372e-07 1.8639313e-09 5.80975844e-08 0.0868252712 4.40817875e-05  
